1	0.463293
2	0.560747
3	2.171590
4	1.827462
5	1.669062
6	2.527978
7	2.429823
8	2.464617
9	2.304004
10	2.682762
11	0.556961
12	0.334911
13	0.519102
14	1.000775
15	1.229488
16	1.432197
17	2.038803
18	2.073618
19	3.450814
20	3.801349
21	3.608766
22	3.378049
23	3.055295
24	2.198181
25	2.089651
26	2.333586
27	2.899484
28	4.097205
29	5.165571
30	4.161164
31	5.145158
32	6.718524
33	6.962519
34	7.042555
35	7.297762
36	7.274468

D = {-1.563768, -6.845522, 1.900353}

