1	0.240049
2	0.410270
3	0.273375
4	1.081506
5	1.228714
6	1.598528
7	1.388394
8	1.579267
9	1.047272
10	0.557634
11	0.493830
12	0.552065
13	0.344665
14	3.301890
15	3.220009
16	3.723857
17	3.727940
18	3.715666
19	2.745644
20	2.696705
21	2.803989
22	3.007406
23	4.650940
24	5.847178
25	6.342468
26	6.885708
27	6.372949
28	5.302027
29	4.123363
30	4.007729
31	5.482578
32	7.391828
33	8.327376
34	8.972056
35	8.891940
36	8.389062

D = {4.966925, -5.331360, 4.157237}

