1	0.166116
2	1.814533
3	1.460192
4	1.279319
5	2.707450
6	2.699959
7	2.879683
8	2.765712
9	3.038091
10	0.986332
11	0.402526
12	0.236612
13	0.706949
14	0.798268
15	1.056416
16	1.591471
17	1.641531
18	3.081003
19	3.477915
20	3.325466
21	3.177307
22	2.784235
23	1.942072
24	1.745286
25	1.970740
26	2.464309
27	3.655273
28	4.728138
29	3.756831
30	4.796542
31	6.471406
32	6.775636
33	6.909302
34	7.210288
35	7.208842
36	6.363218

D = {-0.549838, -6.099954, 1.725915}

