1	0.222588
2	0.316458
3	1.240197
4	1.364369
5	1.780173
6	1.490106
7	1.559691
8	0.954190
9	0.324615
10	0.372154
11	0.404887
12	0.558323
13	3.269849
14	3.128576
15	3.649795
16	3.745829
17	3.771531
18	2.971248
19	2.934039
20	3.021845
21	2.895515
22	4.445545
23	5.638236
24	6.144666
25	6.716284
26	6.264275
27	5.296206
28	4.300587
29	4.211862
30	5.588641
31	7.408887
32	8.281807
33	8.873039
34	8.741891
35	8.206374
36	8.161938

D = {5.677919, -4.023627, 4.264844}

