1	1.665973
2	1.312730
3	1.134748
4	2.621423
5	2.646084
6	2.899589
7	2.840011
8	3.016540
9	1.055464
10	0.522600
11	0.349810
12	0.810040
13	0.671104
14	0.905315
15	1.481153
16	1.518674
17	2.934193
18	3.323056
19	3.167937
20	3.021019
21	2.630459
22	1.796456
23	1.622313
24	1.851181
25	2.404323
26	3.596321
27	4.639117
28	3.660935
29	4.665731
30	6.324017
31	6.626591
32	6.762781
33	7.067185
34	7.067621
35	6.226763
36	4.929943

D = {-0.543955, -4.615972, 1.643548}

