1	0.538441
2	1.229446
3	1.325209
4	1.790313
5	1.413019
6	1.383706
7	0.747778
8	0.221127
9	0.191963
10	0.193419
11	0.751600
12	3.077710
13	2.915658
14	3.440276
15	3.580866
16	3.632907
17	3.043514
18	3.077299
19	3.201183
20	2.931770
21	4.347892
22	5.478935
23	5.956606
24	6.511214
25	6.051488
26	5.122814
27	4.301532
28	4.300176
29	5.765553
30	7.572819
31	8.413139
32	8.958810
33	8.763818
34	8.154329
35	8.072615
36	6.379154

D = {4.573141, -1.351891, 4.237025}

