1	0.356254
2	0.564547
3	2.803290
4	3.144346
5	3.930857
6	4.202464
7	3.832790
8	2.590442
9	2.180119
10	1.962016
11	2.140544
12	1.084902
13	0.770110
14	0.823056
15	0.628408
16	1.281819
17	1.678149
18	1.590267
19	1.691259
20	1.113756
21	0.637897
22	0.540475
23	0.603814
24	1.674856
25	2.681491
26	3.352424
27	2.326490
28	3.055311
29	4.762646
30	5.176270
31	5.439741
32	5.862106
33	5.925998
34	5.198865
35	3.898711
36	3.018741

D = {-0.025690, -2.798935, 1.130530}

