1	0.000000
2	0.463293
3	0.560747
4	2.171590
5	1.827462
6	1.669062
7	2.527978
8	2.429823
9	2.464617
10	2.304004
11	2.682762
12	0.556961
13	0.334911
14	0.519102
15	1.000775
16	1.229488
17	1.432197
18	2.038803
19	2.073618
20	3.450814
21	3.801349
22	3.608766
23	3.378049
24	3.055295
25	2.198181
26	2.089651
27	2.333586
28	2.899484
29	4.097205
30	5.165571
31	4.161164
32	5.145158
33	6.718524
34	6.962519
35	7.042555
36	7.297762

D = {1.908338, 6.756970, -1.989709}

