1	0.000000
2	0.463293
3	0.560747
4	2.171590
5	1.827462
6	1.669062
7	2.527978
8	2.429823
9	2.464617
10	2.304004
11	2.682762
12	0.556961
13	0.334911
14	0.519102
15	1.000775
16	1.229488
17	1.432197
18	2.038803
19	2.073618
20	3.450814
21	3.801349
22	3.608766
23	3.378049
24	3.055295
25	2.198181
26	2.089651
27	2.333586
28	2.899484
29	4.097205
30	5.165571
31	4.161164
32	5.145158
33	6.718524
34	6.962519
35	7.042555
36	7.297762
37	7.297049
38	7.297049
39	7.254856
40	7.403631
41	7.034007
42	8.282227
43	8.465709
44	8.649726
45	8.660103
46	8.752691
47	8.095181
48	7.307011
49	7.592800
50	7.583288
51	7.165843
52	10.277669
53	9.805565
54	10.421543
55	10.831092
56	10.845988
57	8.832209
58	7.959964
59	7.153302
60	5.344336
61	7.014955
62	9.036351
63	10.282265
64	11.509530
65	12.198360
66	11.838171
67	10.085030
68	8.696817
69	4.889236
70	2.355763
71	1.739204
72	3.232109
73	5.239519

D = {4.784579, -0.630438, 2.040320}

