1	0.000000
2	0.240049
3	0.410270
4	0.273375
5	1.081506
6	1.228714
7	1.598528
8	1.388394
9	1.579267
10	1.047272
11	0.557634
12	0.493830
13	0.552065
14	0.344665
15	3.301890
16	3.220009
17	3.723857
18	3.727940
19	3.715666
20	2.745644
21	2.696705
22	2.803989
23	3.007406
24	4.650940
25	5.847178
26	6.342468
27	6.885708
28	6.372949
29	5.302027
30	4.123363
31	4.007729
32	5.482578
33	7.391828
34	8.327376
35	8.972056
36	8.891940

D = {-2.876241, 7.387408, -4.027410}

