1	0.000000
2	0.350834
3	0.877387
4	1.415906
5	1.568256
6	1.477909
7	2.627379
8	3.586532
9	3.901659
10	3.045330
11	3.184587
12	3.301667
13	2.842322
14	2.331643
15	2.497296
16	2.941272
17	4.850524
18	5.618951
19	5.652383
20	5.147962
21	4.208648
22	4.345597
23	5.551409
24	4.839173
25	5.786846
26	6.027783
27	6.168393
28	8.036693
29	9.298204
30	9.842843
31	9.151020
32	7.881831
33	5.562265
34	4.691068
35	4.711167
36	6.904089

D = {0.830525, -6.384297, -2.493476}

