1	0.000000
2	0.350834
3	0.877387
4	1.415906
5	1.568256
6	1.477909
7	2.627379
8	3.586532
9	3.901659
10	3.045330
11	3.184587
12	3.301667
13	2.842322
14	2.331643
15	2.497296
16	2.941272
17	4.850524
18	5.618951
19	5.652383
20	5.147962
21	4.208648
22	4.345597
23	5.551409
24	4.839173
25	5.786846
26	6.027783
27	6.168393
28	8.036693
29	9.298204
30	9.842843
31	9.151020
32	7.881831
33	5.562265
34	4.691068
35	4.711167
36	6.904089
37	6.904089
38	6.904089
39	7.048924
40	7.088837
41	7.581761
42	7.034864
43	6.763716
44	6.950575
45	6.558665
46	6.247522
47	5.514908
48	5.924632
49	5.382315
50	5.382185
51	7.571180
52	8.142039
53	8.398725
54	8.690205
55	9.067820
56	9.488247
57	8.885804
58	8.124333
59	7.717491
60	7.517043
61	7.803555
62	8.357354
63	7.762638
64	7.791770
65	7.722456
66	7.670168
67	8.890444
68	8.237309
69	8.498787
70	8.471241
71	8.392604
72	8.156773
73	7.567157

D = {-3.316017, -5.811233, -3.534893}

