1	0.000000
2	0.240049
3	0.657357
4	0.773246
5	0.479599
6	0.540364
7	0.959512
8	0.394954
9	1.402568
10	2.265929
11	1.388614
12	1.645446
13	1.641003
14	3.401762
15	3.951985
16	4.444912
17	4.747654
18	3.427631
19	4.311014
20	3.327603
21	2.612209
22	2.294249
23	2.556349
24	3.376198
25	3.839813
26	3.500104
27	3.095177
28	2.988787
29	3.416204
30	5.416452
31	4.691116
32	4.902604
33	5.552518
34	5.248527
35	4.833490
36	4.313555

D = {4.146542, -0.573064, 1.041417}

